There have been 31954 faults
            [-1, 1]: 0.14577204731801965
            Others: 0.4700194028916568
            NaN: 6.258997308631157e-05
            Zeros: 0.38414595981723726
            Valid: 1.00000
        