There have been 64800 faults
            [-1, 1]: 0.6334413580246914
            Others: 0.30756172839506174
            NaN: 0.011358024691358024
            Zeros: 0.04763888888888889
            Valid: 1.00000
        