There have been 38515 faults
            [-1, 1]: 0.13836167726859666
            Others: 0.4500324548877061
            NaN: 0.08222770349214592
            Zeros: 0.3293781643515513
            Valid: 1.00000
        