There have been 1037066 faults
            [-1, 1]: 0.4409950764946493
            Others: 0.5420860388827712
            NaN: 0.0033585133443773106
            Zeros: 0.013560371278202159
            Valid: 1.00000
        