There have been 1075631 faults
            [-1, 1]: 0.0560117735543137
            Others: 0.8077017118324035
            NaN: 0.09973680565175232
            Zeros: 0.03654970896153049
            Valid: 1.00000
        