There have been 46436 faults
            [-1, 1]: 0.21879576190886382
            Others: 0.5691058661383409
            NaN: 0.0041993281075028
            Zeros: 0.20789904384529245
            Valid: 1.00000
        