There have been 122065 faults
            [-1, 1]: 0.12757137590627946
            Others: 0.8335476999959038
            NaN: 0.0030557489861958794
            Zeros: 0.03582517511162086
            Valid: 1.00000
        