There have been 58396 faults
            [-1, 1]: 0.7019658880745256
            Others: 0.048393725597643676
            NaN: 0.007637509418453319
            Zeros: 0.24200287690937736
            Valid: 1.00000
        