There have been 46290 faults
            [-1, 1]: 0.4747029596025059
            Others: 0.5239360553035213
            NaN: 0.0006696910779866061
            Zeros: 0.0006912940159861741
            Valid: 1.00000
        