There have been 35525 faults
            [-1, 1]: 0.15147079521463758
            Others: 0.4681773399014778
            NaN: 5.629838142153413e-05
            Zeros: 0.38029556650246304
            Valid: 1.00000
        