There have been 60050 faults
            [-1, 1]: 0.4328059950041632
            Others: 0.40927560366361365
            NaN: 0.003746877601998335
            Zeros: 0.1541715237302248
            Valid: 1.00000
        